4.883371476536719213e-01
4.934971476938631030e-01
4.995227974101589252e-01
5.061288537238727292e-01
5.131241911620546547e-01
5.249568343208734778e-01
5.372588587606034194e-01
5.498545759504392949e-01
5.627150635307178739e-01
5.758228248095547119e-01
5.891686785305504381e-01
6.027496243878311954e-01
6.165673732481592451e-01
6.306272876516908488e-01
6.449376309898084969e-01
6.595090128635106019e-01
6.743540683402545755e-01
6.894870585709825805e-01
7.049238096164907041e-01
7.206817786435515405e-01
7.367798031968497696e-01
7.532378406198876331e-01
7.700770232619431610e-01
7.873195899076828042e-01
8.049888856829626738e-01
8.231094307857491632e-01
8.417070552604851708e-01
8.608089119042452442e-01
8.758640617018176311e-01
8.900740492465399889e-01
9.044885645231840465e-01
9.191126025724410953e-01
9.339511176385011382e-01
9.490090671498541131e-01
9.642913423690102626e-01
9.798029191333911259e-01
9.955487509276584879e-01
1.011533645566524253e+00
1.027762394023262749e+00
1.044239732298851253e+00
1.060971792113185375e+00
1.077965618492684019e+00
1.095228583891123986e+00
1.112768408598918901e+00
1.130592678843173937e+00
1.148708891045595815e+00
1.167124649989687679e+00
1.185847581089901848e+00
1.204885393148854345e+00
1.224245712502329830e+00
1.243935832599384783e+00
1.263963509172284061e+00
1.284336194863429759e+00
1.296159424866311083e+00
1.302836674735575073e+00
1.309451803538499437e+00
1.316006078560302273e+00
1.322500675676963500e+00
1.328696066140928389e+00
1.334681330397849086e+00
1.340621511919823261e+00
1.346517302370561220e+00
1.352369381290623451e+00
1.358178416039562908e+00
1.363945061783385038e+00
1.369669961520740165e+00
1.375353746142146782e+00
1.380997034517278177e+00
1.386600433605960747e+00
1.392164512537156229e+00
1.397689906451285546e+00
1.403177161890897917e+00
1.408626839638920325e+00
1.414039489363186464e+00
1.419415649805655377e+00
1.424755848977254269e+00
1.430060604356958143e+00
1.435330424233286939e+00
1.440565803334479478e+00
1.445767229918201613e+00
1.450935181370942573e+00
1.456070125568176721e+00
1.461172524516056059e+00
1.466242820776290978e+00
1.471281458369724016e+00
1.476288869146807681e+00
1.481265475637026485e+00
1.486211694402383099e+00
1.491127931595958467e+00
1.496014586160699267e+00
1.500872049277317766e+00
1.505700704543337043e+00
1.510500928148567068e+00
1.515273089046958344e+00
1.520017549124791811e+00
1.524734663365193477e+00
1.529424780008973084e+00
1.534088240711777740e+00
1.538725380697604228e+00
1.543336528908678229e+00
1.547922008151749740e+00
1.552482135240849326e+00
1.557017221136544505e+00
1.561527571081754662e+00
1.566013484734187999e+00
1.570475256295454036e+00
1.574913174636918711e+00
1.579327523422363821e+00
1.583718581227527400e+00
1.588086621656573216e+00
1.592431913455591097e+00
1.596754720623151824e+00
1.601055302518034296e+00
1.605333913964149373e+00
1.609590805352768772e+00
1.613826222742090533e+00
1.618040407954236759e+00
1.622233598669735377e+00
1.626406028519550739e+00
1.630557927174741906e+00
1.634689520433785459e+00
1.638801030307657003e+00
1.642892675102702649e+00
1.646964669501383982e+00
1.651017224640936698e+00
1.655050548190009962e+00
1.659064844423340679e+00
1.663060314294515729e+00
1.667037155506870816e+00
1.670995562582589855e+00
1.674935726930042446e+00
1.678857836909409373e+00
1.682762077896659214e+00
1.686648635020946863e+00
1.690517679850167987e+00
1.694369397200693683e+00
1.698203958444675754e+00
1.702021534941627445e+00
1.705822295418314871e+00
1.709606406022332381e+00
1.713374030374362311e+00
1.717125329619143770e+00
1.720860462475191976e+00
1.724579585283304128e+00
1.728282852053875773e+00
1.731970414513083201e+00
1.735642422147936292e+00
1.739299022250247795e+00
1.742940359959550323e+00
1.746566578304987960e+00
1.750177818246198225e+00
1.753774218713239463e+00
1.757355916645555238e+00
1.760923047030039212e+00
1.764475742938189207e+00
1.768014135562402389e+00
1.771538354251421366e+00
1.775048526544957594e+00
1.778544778207509891e+00
1.782027233261414656e+00
1.785496014019122946e+00
1.788951241114752122e+00
1.792393033534915858e+00
1.795821508648842268e+00
1.799236782237837229e+00
1.802638968524058027e+00
1.806028252748203222e+00
1.809404601090025988e+00
1.812768195722514353e+00
1.816119144906322536e+00
1.819457555477527633e+00
1.822783532872819912e+00
1.826097181154080262e+00
1.829398603032468928e+00
1.832687899891957128e+00
1.835965171812382613e+00
1.839230517591976755e+00
1.842484034769418244e+00
1.845725819645434029e+00
1.848955967303913317e+00
1.852174571632586808e+00
1.855381725343262067e+00
1.858577519991650773e+00
1.861762045996751436e+00
1.864935392659857305e+00
1.868097648183145498e+00
1.871248899687887324e+00
1.874389233232296670e+00
1.877518733828988040e+00
1.880637485462095304e+00
1.883745571104031624e+00
1.886843072731919424e+00
1.889930071343662421e+00
1.893006646973730778e+00
1.896072878708598086e+00
1.899128844701881480e+00
1.902174622189186204e+00
1.905210287502635547e+00
1.908235916085137429e+00
1.911251582504357005e+00
1.914257360466408375e+00
1.917253322829289841e+00
1.920239538546584690e+00
1.923216084961797634e+00
1.926183029406719038e+00
1.929140441462620315e+00
1.932088389939461415e+00
1.935026942874389366e+00
1.937956167543451569e+00
1.940876130473107031e+00
1.943786897451500462e+00
1.946688512582713360e+00
1.949581082268609045e+00
1.952464649046367073e+00
1.955339275859531600e+00
1.958205024966643837e+00
1.961061957951319989e+00
1.963910135732132245e+00
1.966749568397448744e+00
1.969580415666817963e+00
1.972402686594393995e+00
1.975216439533937329e+00
1.978021732220981210e+00
1.980818621781678779e+00
1.983607164741509665e+00
1.986387417033818048e+00
1.989159434008210381e+00
1.991923270438786808e+00
1.994678980532245349e+00
1.997426617935828208e+00
2.000166235745141741e+00
2.002897886285474716e+00
2.005621622025015149e+00
2.008337494223350284e+00
2.011045553844954092e+00
2.013745851339728610e+00
2.016438436650035637e+00
2.019123359217607216e+00
2.021800667990341083e+00
2.024470411428977989e+00
2.027132637513669788e+00
2.029787393750424496e+00
2.032434727177462541e+00
2.035074741753370553e+00
2.037707369078532782e+00
2.040332711963293022e+00
2.042950815636042083e+00
2.045561724887547950e+00
2.048165484076684084e+00
2.050762137136073804e+00
2.053351727577635621e+00
2.055934298498052204e+00
2.058509892584129641e+00
2.061078552118079443e+00
2.063640318982713939e+00
2.066195234666572400e+00
2.068743340268933917e+00
2.071284724851539583e+00
2.073819332132862403e+00
2.076347250344225515e+00
2.078868519076598975e+00
2.081383177555670816e+00
2.083891264646415387e+00
2.086392818857590647e+00
2.088887878346150639e+00
2.091376480921624648e+00
2.093858599236843698e+00
2.096334399910840585e+00
2.098803855058037016e+00
2.101267001140445512e+00
2.103723874293419005e+00
2.106174510329640537e+00
2.108618944743020585e+00
2.111057212712540654e+00
2.113489349106051129e+00
2.115915388484002957e+00
2.118335365103114487e+00
2.120749312920001017e+00
2.123157265594736387e+00
2.125559256494359950e+00
2.127955318696347131e+00
2.130345484992010707e+00
2.132729787889863449e+00
2.135108259618926585e+00
2.137480932131974320e+00
2.139847837108773909e+00
2.142209005959233803e+00
2.144564469826504283e+00
2.146914259590095853e+00
2.149258405868859523e+00
2.151596939024014166e+00
2.153929889162050415e+00
2.156257286137648332e+00
2.158579159556543114e+00
2.160895538778335734e+00
2.163206452919248068e+00
2.165511930854898459e+00
2.167812001222966245e+00
2.170106692425881167e+00
2.172396032633417295e+00
2.174680049785297165e+00
2.176958771593742181e+00
2.179232225545978174e+00
2.181500438906717854e+00
2.183763438720612626e+00
2.186021251814644017e+00
2.188273904800531522e+00
2.190521424077040091e+00
2.192763835832332031e+00
2.195001166046208319e+00
2.197233440492401435e+00
2.199460684740745187e+00
2.201682924159415133e+00
2.203900183917053113e+00
2.206112433994397382e+00
2.208319808993963296e+00
2.210522278662812035e+00
2.212719867392510587e+00
2.214912599385466585e+00
2.217100498656921381e+00
2.219283589036924909e+00
2.221461894172262141e+00
2.223635437528373338e+00
2.225804242391244081e+00
2.227968331869262908e+00
2.230127728895062056e+00
2.232282456227336453e+00
2.234432536452626739e+00
2.236577991987100500e+00
2.238718845078282005e+00
2.240855117806785035e+00
2.242986832088012861e+00
2.245114009673832900e+00
2.247236672154228732e+00
2.249354840958954771e+00
2.251468537359129218e+00
2.253577782468840329e+00
2.255682597246723375e+00
2.257783002497504743e+00
2.259879018873543810e+00
2.261970666876348179e+00
2.264057966858066262e+00
2.266140939022969647e+00
2.268219603428909270e+00
2.270293979988755151e+00
2.272364088471825472e+00
2.274429948505284571e+00
2.276491579575535162e+00
2.278549001029593235e+00
2.280602232076434532e+00
2.282651291788332593e+00
2.284696199102191461e+00
2.286736972820835767e+00
2.288773631614309245e+00
2.290806194021143938e+00
2.292834678449621411e+00
2.294859103179017090e+00
2.296879486360821954e+00
2.298895846019961109e+00
2.300908200055995056e+00
2.302916566244290308e+00
2.304920962237208659e+00
2.306921405565251604e+00
2.308917913638206088e+00
2.310910503746268940e+00
2.312899193061174863e+00
2.314883998637287554e+00
2.316864937412689951e+00
2.318842026210268248e+00
2.320815281738770164e+00
2.322784720593865426e+00
2.324750359259166288e+00
2.326712214107283128e+00
2.328670301400809439e+00
2.330624637293355228e+00
2.332575237830516013e+00
2.334522118950867142e+00
2.336465296486929688e+00
2.338404786166132787e+00
2.340340603611748005e+00
2.342272764343844571e+00
2.344201283780201983e+00
2.346126177237236821e+00
2.348047459930897585e+00
2.349965146977567088e+00
2.351879253394943969e+00
2.353789794102917554e+00
2.355696783924439153e+00
2.357600237586370717e+00
2.359500169720333052e+00
2.361396594863546472e+00
2.363289527459653705e+00
2.365178981859538343e+00
2.367064972322140637e+00
2.368947513015247530e+00
2.370826618016291132e+00
2.372702301313131645e+00
2.374574576804832748e+00
2.376443458302418321e+00
2.378308959529643829e+00
2.380171094123732622e+00
2.382029875636128669e+00
2.383885317533219972e+00
2.385737433197069990e+00
2.387586235926134837e+00
2.389431738935966276e+00
2.391273955359925374e+00
2.393112898249867282e+00
2.394948580576831798e+00
2.396781015231726375e+00
2.398610215025991810e+00
2.400436192692271931e+00
2.402258960885080175e+00
2.404078532181431083e+00
2.405894919081505989e+00
2.407708134009279188e+00
2.409518189313149428e+00
2.411325097266568296e+00
2.413128870068661946e+00
2.414929519844830619e+00
2.416727058647365922e+00
2.418521498456041474e+00
2.420312851178713753e+00
2.422101128651902524e+00
2.423886342641373925e+00
2.425668504842709794e+00
2.427447626881890752e+00
2.429223720315843771e+00
2.430996796633005719e+00
2.432766867253875365e+00
2.434533943531556943e+00
2.436298036752308160e+00
2.438059158136065108e+00
2.439817318836973836e+00
2.441572529943917047e+00
2.443324802481036340e+00
2.445074147408241139e+00
2.446820575621712734e+00
2.448564097954420316e+00
2.450304725176609910e+00
2.452042467996296438e+00
2.453777337059760200e+00
2.455509342952029161e+00
2.457238496197345246e+00
2.458964807259659491e+00
2.460688286543081915e+00
2.462408944392359800e+00
2.464126791093332880e+00
2.465841836873387205e+00
2.467554091901912994e+00
2.469263566290739398e+00
2.470970270094597243e+00
2.472674213311535141e+00
2.474375405883368906e+00
2.476073857696102554e+00
2.477769578580360843e+00
2.479462578311807164e+00
2.481152866611559649e+00
2.482840453146610393e+00
2.484525347530230910e+00
2.486207559322369587e+00
2.487887098030077127e+00
2.489563973107879580e+00
2.491238193958182023e+00
2.492909769931666464e+00
2.494578710327665760e+00
2.496245024394553980e+00
2.497908721330128312e+00
2.499569810281974114e+00
2.501228300347852596e+00
2.502884200576053875e+00
2.504537519965777115e+00
2.506188267467482689e+00
2.507836451983251447e+00
2.509482082367145317e+00
2.511125167425558136e+00
2.512765715917554932e+00
2.514403736555236080e+00
2.516039238004061040e+00
2.517672228883196084e+00
2.519302717765855792e+00
2.520930713179621474e+00
2.522556223606783110e+00
2.524179257484667094e+00
2.525799823205952421e+00
2.527417929118990436e+00
2.529033583528134344e+00
2.530646794694046964e+00
2.532257570834012927e+00
2.533865920122244209e+00
2.535471850690206086e+00
2.537075370626886262e+00
2.538676487979136365e+00
2.540275210751937518e+00
2.541871546908713864e+00
2.543465504371627883e+00
2.545057091021855289e+00
2.546646314699884783e+00
2.548233183205805830e+00
2.549817704299580434e+00
2.551399885701336689e+00
2.552979735091636115e+00
2.554557260111753436e+00
2.556132468363951027e+00
2.557705367411745812e+00
2.559275964780185042e+00
2.560844267956099429e+00
2.562410284388383808e+00
2.563974021488238275e+00
2.565535486629445305e+00
2.567094686585972507e+00
2.568651629784062251e+00
2.570206322922857112e+00
2.571758773228983497e+00
2.573308987892907407e+00
2.574856974069176907e+00
2.576402738876669929e+00
2.577946289398830526e+00
2.579487632683906018e+00
2.581026775745201451e+00
2.582563725561295431e+00
2.584098489076280369e+00
2.585631073200003627e+00
2.587161484808278900e+00
2.588689729154487917e+00
2.590215816224201717e+00
2.591739751204050979e+00
2.593261540836016010e+00
2.594781191829175437e+00
2.596298710859914927e+00
2.597814104572163441e+00
2.599327379577579755e+00
2.600838542455791824e+00
2.602347599754590401e+00
2.603854557990145313e+00
2.605359423647212402e+00
2.606862203179337367e+00
2.608362903009065370e+00
2.609861529528133328e+00
2.611358089097681301e+00
2.612852588048448776e+00
2.614345032680962522e+00
2.615835429265746637e+00
2.617323784043511292e+00
2.618810103225338803e+00
2.620294392992887467e+00
2.621776659498568307e+00
2.623256908865740034e+00
2.624735147188896889e+00
2.626211380533844064e+00
2.627685614937901537e+00
2.629157856410059502e+00
2.630628110931175545e+00
2.632096384454151394e+00
2.633562682904109664e+00
2.635027012178567496e+00
2.636489378147613305e+00
2.637949786654080864e+00
2.639408243513723384e+00
2.640864754832179973e+00
2.642319325737445990e+00
2.643771962282329469e+00
2.645222670175946700e+00
2.646671455101160753e+00
2.648118322714756445e+00
2.649563278647601994e+00
2.651006328504808440e+00
2.652447477865894410e+00
2.653886732284937988e+00
2.655324097290739260e+00
2.656759578386973075e+00
2.658193181052351584e+00
2.659624910740766346e+00
2.661054772881453090e+00
2.662482772879133819e+00
2.663908916114176684e+00
2.665333207942730986e+00
2.666755653696890604e+00
2.668176258684832547e+00
2.669595028190965724e+00
2.671011967476069948e+00
2.672427081777449587e+00
2.673840376309063238e+00
2.675251856261676497e+00
2.676661526802995628e+00
2.678069393077814553e+00
2.679475460208136539e+00
2.680879733293329181e+00
2.682282217410256298e+00
2.683682917613398278e+00
2.685081838935008847e+00
2.686478986385226086e+00
2.687874364952230977e+00
2.689267979602342873e+00
2.690659835280183820e+00
2.692049936908786023e+00
2.693438289389725071e+00
2.694824897603256275e+00
2.696209766408424358e+00
2.697592900643202007e+00
2.698974305124603124e+00
2.700353984648824479e+00
2.701731943991345197e+00
2.703108187907061311e+00
2.704482721130407441e+00
2.705855548375467379e+00
2.707226674336103311e+00
2.708596103686069512e+00
2.709963841079124247e+00
2.711329891149151461e+00
2.712694258510283341e+00
2.714056947756994020e+00
2.715417963464234585e+00
2.716777310187534322e+00
2.718134992463116628e+00
2.719491014808008700e+00
2.720845381720153888e+00
2.722198097678516504e+00
2.723549167143195504e+00
2.724898594555534181e+00
2.726246384338216533e+00
2.727592540895389384e+00
2.728937068612755201e+00
2.730279971857685339e+00
2.731621254979312408e+00
2.732960922308653284e+00
2.734298978158691273e+00
2.735635426824492011e+00
2.736970272583297614e+00
2.738303519694625709e+00
2.739635172400382679e+00
2.740965234924945371e+00
2.742293711475269014e+00
2.743620606240976034e+00
2.744945923394475074e+00
2.746269667091026268e+00
2.747591841468860263e+00
2.748912450649263928e+00
2.750231498736676272e+00
2.751548989818783486e+00
2.752864927966604203e+00
2.754179317234592528e+00
2.755492163097668090e+00
2.756803466705721739e+00
2.758113233498800110e+00
2.759421467465991373e+00
2.760728172580261042e+00
2.762033352798547003e+00
2.763337012061851450e+00
2.764639154295315482e+00
2.765939783408317254e+00
2.767238903294553243e+00
2.768536517832123067e+00
2.769832630883615643e+00
2.771127246296192670e+00
2.772420367901676563e+00
2.773711999516624171e+00
2.775002144942422699e+00
2.776290807965358542e+00
2.777577992356703440e+00
2.778863701872800629e+00
2.780147940255139005e+00
2.781430711230436170e+00
2.782712018510711260e+00
2.783991865793378206e+00
2.785270256761303020e+00
2.786547195082903716e+00
2.787822684412206264e+00
2.789096728388938295e+00
2.790369330638599266e+00
2.791640494772531511e+00
2.792910224387997520e+00
2.794178523068259867e+00
2.795445394382651383e+00
2.796710841886647980e+00
2.797974869121937491e+00
2.799237479616506707e+00
2.800498676884694227e+00
2.801758464427278383e+00
2.803016845731540752e+00
2.804273824271339421e+00
2.805529403507171171e+00
2.806783586891146598e+00
2.808036377847484388e+00
2.809287779801928675e+00
2.810537796162250412e+00
2.811786430323221619e+00
2.813033685666661565e+00
2.814279565561516261e+00
2.815524073363921076e+00
2.816767212417268684e+00
2.818008986052282783e+00
2.819249397587058059e+00
2.820488450327152563e+00
2.821726147565645437e+00
2.822962492583187100e+00
2.824197488648076515e+00
2.825431139016326920e+00
2.826663446931714230e+00
2.827894415625849867e+00
2.829124048318242490e+00
2.830352348216355729e+00
2.831579318515672572e+00
2.832804962399754878e+00
2.834029283040307323e+00
2.835252283597220480e+00
2.836473967218660963e+00
2.837694337041105630e+00
2.838913396189408189e+00
2.840131147776857823e+00
2.841347594905240914e+00
2.842562740664892562e+00
2.843776588134757866e+00
2.844989140382444326e+00
2.846200400464291125e+00
2.847410371425409092e+00
2.848619056299745100e+00
2.849826458110135796e+00
2.851032579868370664e+00
2.852237424575230218e+00
2.853440995220558385e+00
2.854643294783301588e+00
2.855844326231578911e+00
2.857044092522716738e+00
2.858242596603317143e+00
2.859439841409307181e+00
2.860635829865981972e+00
2.861830564888073081e+00
2.863024049379788494e+00
2.864216286234863684e+00
2.865407278336627339e+00
2.866597028558032001e+00
2.867785539761714464e+00
2.868972814800054838e+00
2.870158856515208079e+00
2.871343667739171490e+00
2.872527251293817141e+00
2.873709609990962033e+00
2.874890746632394745e+00
2.876070664009937605e+00
2.877249364905490658e+00
2.878426852091080068e+00
2.879603128328902972e+00
2.880778196371386546e+00
2.881952058961218199e+00
2.883124718831402866e+00
2.884296178705301195e+00
2.885466441296692608e+00
2.886635510359147450e+00
2.887803386486379242e+00
2.888970073415327189e+00
2.890135573821847714e+00
2.891299890372437620e+00
2.892463025724266501e+00
2.893624982525235811e+00
2.894785763413998403e+00
2.895945371020040682e+00
2.897103807963682165e+00
2.898261076856148311e+00
2.899417180299609154e+00
2.900572120887211280e+00
2.901725901203130231e+00
2.902878523822603363e+00
2.904029991311995573e+00
2.905180306228797527e+00
2.906329471121711361e+00
2.907477488530665788e+00
2.908624360986870716e+00
2.909770091012844784e+00
2.910914681122459768e+00
2.912058133820997874e+00
2.913200451605166386e+00
2.914341636963150517e+00
2.915481692374652489e+00
2.916620619105855017e+00
2.917758422030854337e+00
2.918895106365452019e+00
2.920030666622900117e+00
2.921165109206481425e+00
2.922298436545808453e+00
2.923430651062279395e+00
2.924561755169122534e+00
2.925691751271416230e+00
2.926820641766147535e+00
2.927948429042236622e+00
2.929075115480573643e+00
2.930200703454058697e+00
2.931325195327637356e+00
2.932448593458336195e+00
2.933570900195308528e+00
2.934692117879845519e+00
2.935812248845440564e+00
2.936931295417803511e+00
2.938049259914909506e+00
2.939166144647023415e+00
2.940281951916743797e+00
2.941396684019032648e+00
2.942510343241247384e+00
2.943622931863182579e+00
2.944734452157099724e+00
2.945844906387752093e+00
2.946954296812442475e+00
2.948062625681027171e+00
2.949169895235965733e+00
2.950276107712360041e+00
2.951381265337972071e+00
2.952485370333262082e+00
2.953588424911426369e+00
2.954690431278422125e+00
2.955791391633007414e+00
2.956891304078338223e+00
2.957990178973973094e+00
2.959088014410557577e+00
2.960184812558352974e+00
2.961280575580571561e+00
2.962375305633410338e+00
2.963469004866086554e+00
2.964561675420858577e+00
2.965653319433068091e+00
2.966743939031159627e+00
2.967833536336722311e+00
2.968922113464504520e+00
2.970009672522465838e+00
2.971096215611778391e+00
2.972181744826882355e+00
2.973266262255501946e+00
2.974349769978676061e+00
2.975432270070789809e+00
2.976513764599603817e+00
2.977594255626275999e+00
2.978673745205401957e+00
2.979752235385035419e+00
2.980829728206713103e+00
2.981906225705495572e+00
2.982981729909981450e+00
2.984056242842346496e+00
2.985129766518360928e+00
2.986202302947424059e+00
2.987273854132589612e+00
2.988344422070595918e+00
2.989414008751883234e+00
2.990482616160639484e+00
2.991550246274799374e+00
2.992616901066096791e+00
2.993682582500083456e+00
2.994747292536145356e+00
2.995811033127539158e+00
2.996873806221417524e+00
2.997935613758850870e+00
2.998996457674858451e+00
3.000056339898432345e+00
3.001115262352552104e+00
3.002173226954230500e+00
3.003230235614521515e+00
3.004286294393935464e+00
3.005341396882641902e+00
3.006395549127667710e+00
3.007448753016510601e+00
3.008501010430835620e+00
3.009552323246509786e+00
3.010602693333618074e+00
3.011652122556489175e+00
3.012700612773724806e+00
3.013748165838215698e+00
3.014794783597173122e+00
3.015840467892140442e+00
3.016885220559031744e+00
3.017929043428149161e+00
3.018971938324197524e+00
3.020013907066326109e+00
3.021054951468136629e+00
3.022095073337700555e+00
3.023134274477610184e+00
3.024172556684971092e+00
3.025209921751436326e+00
3.026246371463233498e+00
3.027281907601182986e+00
3.028316531940716150e+00
3.029350246262065838e+00
3.030383052309643332e+00
3.031414951853013129e+00
3.032445946646293855e+00
3.033476038438319922e+00
3.034505228972675273e+00
3.035533519987710260e+00
3.036560913216563851e+00
3.037587410387183162e+00
3.038613013222353665e+00
3.039637723439701400e+00
3.040661542751731616e+00
3.041684472865843869e+00
3.042706515484352892e+00
3.043727672304499698e+00
3.044747945018496438e+00
3.045767335313511293e+00
3.046785840159018210e+00
3.047803470657504121e+00
3.048820223768605953e+00
3.049836101159600243e+00
3.050851104492853683e+00
3.051865235425818224e+00
3.052878495611066167e+00
3.053890886696293716e+00
3.054902410324365825e+00
3.055913068133315313e+00
3.056922861756367293e+00
3.057931792821958705e+00
3.058939862953759192e+00
3.059947073770685311e+00
3.060953426886928064e+00
3.061958923911962227e+00
3.062963566450570330e+00
3.063967356102859085e+00
3.064970294464278933e+00
3.065972383125645351e+00
3.066973623673148630e+00
3.067974017688382737e+00
3.068973566748355086e+00
3.069972272425505633e+00
3.070970136287731300e+00
3.071967159898400190e+00
3.072963344816364906e+00
3.073958692595984754e+00
3.074953204787146177e+00
3.075946882935269411e+00
3.076939728581338684e+00
3.077931743261916875e+00
3.078922928509149504e+00
3.079913285850802485e+00
3.080902816810263012e+00
3.081891522906563541e+00
3.082879405654401772e+00
3.083564983904144352e+00
3.084852707141868766e+00
3.085838128889343501e+00
3.086822733304077637e+00
3.087806521879326471e+00
3.088789496104097587e+00
3.089771657463181942e+00
3.090753007437162303e+00
3.091733547502428792e+00
3.092713279131201531e+00
3.093692203791542195e+00
3.094670322947363772e+00
3.095647638058461215e+00
3.096624150580514989e+00
3.097599861965111501e+00
3.098574773659755088e+00
3.099548887107892003e+00
3.100522203748916183e+00
3.101494725018185683e+00
3.102466452347052872e+00
3.103437387162855110e+00
3.104407530888948941e+00
3.105376884754077249e+00
3.106345450559221177e+00
3.107313229520950237e+00
3.108280223046826496e+00
3.109246432540495597e+00
3.110211859401704082e+00
3.111176505026321593e+00
3.112140370806343981e+00
3.113103458129917733e+00
3.114065768381350185e+00
3.115027302941121512e+00
3.115988063185904267e+00
3.116948050488574040e+00
3.117907266218223228e+00
3.118865711740179680e+00
3.119823388416016474e+00
3.120780297603567455e+00
3.121736440656942335e+00
3.122691819149306713e+00
3.123646433981868142e+00
3.124600286720359943e+00
3.125553378704131191e+00
3.126505711268864562e+00
3.127457285746603421e+00
3.128408103465766033e+00
3.129358165751147336e+00
3.130307473923946482e+00
3.131256029301767274e+00
3.132203833198639931e+00
3.133150886655185374e+00
3.134097196423321297e+00
3.135042753742205868e+00
3.135987564800750693e+00
3.136931630895303691e+00
3.137874953318706250e+00
3.138817533360320766e+00
3.139759372306036855e+00
3.140700471438279351e+00
3.141640832036031394e+00
3.142580454971171999e+00
3.143519342390495908e+00
3.144457495091689481e+00
3.145394914340065906e+00
3.146331600858761846e+00
3.147267557253385473e+00
3.148202783970783347e+00
